0.600459 0.549315
0.844198 0.722991
0.932057 0.629117
0.850881 0.543257
0.612413 0.465789
0.365408 0.612033
0.290093 0.452093
0.074793 0.800259
0.272369 0.960249
0.475625 0.389484
0.824579 0.804414
0.499389 0.572812
0.376905 0.579169
0.836186 0.922181
0.313816 0.0943122
0.657907 0.0710211
0.368621 0.00756647
0.961125 0.825249
0.153969 0.734009
0.898987 0.856922
0.515587 0.90269
0.796965 0.818963
0.518442 0.434136
0.676591 0.777996
0.725418 0.112253
0.609087 0.633612
0.544374 0.151065
0.769219 0.935785
0.101951 0.527826
0.46295 0.418007
0.170269 0.258985
0.745537 0.785148
0.214024 0.467258
0.117692 0.636312
0.310485 0.00371003
0.154751 0.611888
0.241594 0.594262
0.335801 0.602141
0.903342 0.887831
0.43709 0.688179
0.606243 0.301696
0.936465 0.462051
0.113238 0.693547
0.944232 0.101936
0.651088 0.678389
0.148303 0.642431
0.373781 0.217332
0.748264 0.133544
0.595595 0.333425
0.318189 0.363202
0.0755731 0.63869
0.641901 0.450184
0.940373 0.965285
0.670585 0.13854
0.632199 0.197163
0.98901 0.149286
0.591186 0.659181
0.406937 0.255225
0.45924 0.47606
0.58928 0.248252
0.381185 0.15611
0.704309 0.0892382
0.250995 0.668318
0.8468 0.139077
0.950411 0.194208
0.740114 0.379227
0.0293974 0.772349
0.610613 0.0954547
0.683537 0.835057
0.977304 0.0391644
0.871455 0.972586
0.530737 0.495004
0.0732782 0.921669
0.42682 0.604878
0.970008 0.768588
0.395834 0.0451772
0.996615 0.32799
0.274035 0.111798
0.471254 0.303183
0.694928 0.119006
0.843753 0.348853
0.909878 0.486912
0.203379 0.0741742
0.559469 0.707355
0.893965 0.576037
0.500445 0.257118
0.913048 0.546455
0.917712 0.0854728
0.0818762 0.58636
0.270105 0.920685
0.0175143 0.272009
0.87405 0.648231
0.639399 0.137274
0.814895 0.774741
0.277065 0.247577
0.395816 0.195223
0.50195 0.62497
0.16795 0.0225913
0.374755 0.877013
0.136787 0.0207657
0.565354 0.676702
0.702072 0.264935
0.270588 0.726581
0.473219 0.95003
0.762406 0.268877
0.410601 0.631548
0.913179 0.600716
0.643265 0.582677
0.873468 0.155558
0.702761 0.941463
0.434133 0.457513
0.985236 0.845074
0.142525 0.704352
0.780405 0.332635
0.392542 0.80483
0.653232 0.366914
0.296018 0.854422
0.290041 0.560801
0.956011 0.856042
0.593219 0.692756
0.621883 0.664831
0.551137 0.471381
0.19906 0.0200253
0.380394 0.639416
0.610398 0.434642
0.520648 0.652293
0.458307 0.000267577
0.719742 0.313697
0.282203 0.669043
0.386476 0.287723
0.78701 0.643039
0.876167 0.492226
0.0997701 0.18891
0.101495 0.312313
0.368626 0.549072
0.596518 0.605042
0.0507176 0.584472
0.985476 0.650752
0.341144 0.675311
0.254233 0.512766
0.146119 0.883074
0.103073 0.369408
0.997595 0.450402
0.26474 0.867835
0.591324 0.788739
0.425482 0.717156
0.105956 0.126618
0.295319 0.939089
0.456406 0.72202
0.843714 0.986893
0.907632 0.146344
0.0451413 0.862523
0.545129 0.182268
0.165885 0.55145
0.813246 0.102553
0.877979 0.833836
0.385598 0.773992
0.148384 0.581087
0.0287001 0.447795
0.988745 0.0682064
0.327876 0.704714
0.403021 0.460031
0.070058 0.69789
0.354334 0.853403
0.0666538 0.0295863
0.239812 0.844775
0.778896 0.99051
0.955307 0.375103
0.762569 0.725667
0.333615 0.176738
0.50594 0.513962
0.338061 0.115529
0.179978 0.199914
0.152489 0.0497094
0.454215 0.809114
0.889179 0.205931
0.984569 0.299194
0.660711 0.944671
0.608349 0.757785
0.842043 0.0505638
0.514923 0.190128
0.0547602 0.615425
0.702703 0.580604
4.62451e-06 0.205448
0.213489 0.944197
0.665142 0.54187
0.820838 0.55881
0.738571 0.593597
0.99114 0.720154
0.544358 0.305019
0.150244 0.460313
0.237597 0.192938
0.207405 0.18501
0.498337 0.876676
0.51758 0.745496
0.973565 0.500367
0.676135 0.240381
0.0882047 0.263934
0.144734 0.0799466
0.481342 0.443227
0.893876 0.306227
0.996858 0.689467
0.564991 0.376128
0.534992 0.214033
0.852022 0.0209891
0.81281 0.0396269
0.490185 0.727233
0.703574 0.447844
0.63099 0.611375
0.739305 0.890888
0.4495 0.970322
0.410326 0.167296
0.879308 0.679153
0.0896317 0.218432
0.175067 0.0873201
0.898674 0.769879
0.914303 0.329962
0.680571 0.381972
0.300396 0.606307
0.507868 0.822528
0.0118757 0.634095
0.31369 0.880154
0.350181 0.317046
0.883107 0.798195
0.648383 0.167164
0.396475 0.915689
0.475844 0.697596
0.770411 0.21014
0.250348 0.988418
0.892263 0.737193
0.297048 0.273139
0.97269 0.220555
0.464221 0.529835
0.717931 0.00322547
0.166381 0.228013
0.733482 0.438915
0.624336 0.406715
0.169176 0.433608
0.188165 0.284562
0.800375 0.582859
0.810824 0.893706
0.680093 0.168268
0.265101 0.542029
0.161872 0.139856
0.714067 0.695664
0.474221 0.358302
0.790343 0.552152
0.188485 0.156169
0.183522 0.117369
0.139204 0.491131
0.812557 0.347856
0.0442955 0.933262
0.768251 0.806725
0.0618549 0.770429
0.220531 0.902216
0.756471 0.0598739
0.729052 0.563872
0.0270425 0.564127
0.200994 0.972804
0.273764 0.298591
0.619795 0.239949
0.058362 0.10799
0.552942 0.987001
0.983194 0.940295
0.845065 0.660217
0.999106 0.779889
0.672048 0.27346
0.17979 0.5794
0.539194 0.0351095
0.590746 0.49453
0.788781 0.960904
0.601107 0.864563
0.234838 0.383788
0.39668 0.946903
0.897246 0.175779
0.496744 0.927846
0.663778 0.975733
0.482211 0.79531
0.696786 0.637457
0.519109 0.853357
0.869097 0.285994
0.188442 0.82143
0.756641 0.650247
0.968978 0.00406284
0.868656 0.367669
0.835377 0.168123
0.95255 0.934358
0.79046 0.473842
0.0153406 0.507892
0.246013 0.637502
0.407024 0.369504
0.457343 0.1778
0.288983 0.812245
0.376471 0.24843
0.170392 0.48981
0.95525 0.155978
0.361735 0.0380126
0.569894 0.864728
0.331406 0.980543
0.816361 0.946289
0.430574 0.854784
0.350025 0.765442
0.346794 0.348076
0.305345 0.0642681
0.785644 0.416781
0.941688 0.224177
0.281309 0.147485
0.917347 0.0239092
0.00320547 0.748944
0.515708 0.987005
0.292463 0.757023
0.882444 0.0636311
0.23231 0.0858982
0.704437 0.148734
0.801766 0.670872
0.472249 0.237912
0.764678 0.439904
0.769057 0.5869
0.366462 0.907106
0.0938936 0.718047
0.244619 0.247468
0.608976 0.130297
0.455265 0.0369392
0.536003 0.338583
0.506365 0.226472
0.560784 0.407056
0.436748 0.746266
0.813256 0.7271
0.417532 0.284586
0.842548 0.384774
0.484994 0.203722
0.0961264 0.777469
0.671051 0.0427113
0.203742 0.702538
0.849662 0.782416
0.71156 0.778277
0.148763 0.199756
0.0706198 0.366379
0.0250644 0.605802
0.845223 0.265887
0.141242 0.361158
0.74814 0.188272
0.924645 0.517475
0.727998 0.0425834
0.560228 0.791444
0.431627 0.122561
0.893441 0.518225
0.514963 0.315512
0.395613 0.604157
0.171936 0.961398
0.475323 0.64126
0.788331 0.0202618
0.549087 0.440208
0.163733 0.520307
0.191956 0.533646
0.696002 0.721117
0.529034 0.277827
0.302944 0.123573
0.159706 0.387255
0.14788 0.981291
0.128281 0.1762
0.52775 0.931436
0.107177 0.497025
0.911083 0.443883
0.0763183 0.864078
0.821216 0.468525
0.868739 0.757711
0.103764 0.408621
0.408864 0.887038
0.467575 0.751167
0.625226 0.695864
0.749827 0.322006
0.0334971 0.741403
0.728356 0.637048
0.776097 0.240829
0.038902 0.181731
0.313736 0.779868
0.281265 0.992727
0.490315 0.473123
0.943217 0.658268
0.548268 0.84222
0.118392 0.467866
0.63034 0.937473
0.862944 0.572045
0.160984 0.806579
0.0153344 0.823597
0.133242 0.820893
0.0973365 0.157215
0.672653 0.572165
0.970468 0.434959
0.950091 0.0649245
0.432865 0.426325
0.732447 0.257756
0.7841 0.779836
0.300799 0.0333852
0.127647 0.957519
0.455881 0.333045
0.375165 0.361094
0.595026 0.0126478
0.865402 0.18571
0.529639 0.405
0.696698 0.972081
0.595913 0.0679211
0.0966247 0.954043
0.103156 0.848135
0.0562004 0.462636
0.15473 0.332955
0.218722 0.290938
0.819015 0.613131
0.513021 0.0181022
0.534323 0.96195
0.666917 0.42811
0.543848 0.0659732
0.0340387 0.245527
0.563592 0.226533
0.815745 0.25563
0.368177 0.127735
0.484655 0.983451
0.0282841 0.116338
0.22151 0.618161
0.308953 0.911008
0.0572196 0.99983
0.314567 0.432717
0.817714 0.0710575
0.818196 0.644333
0.695389 0.481392
0.360366 0.968894
0.276327 0.0527643
0.831895 0.834758
0.0769366 0.293044
0.647698 0.253935
0.372637 0.672545
0.581783 0.279285
0.968316 0.676827
0.812716 0.498558
0.494016 0.414703
0.46867 0.562044
0.825726 0.290283
0.745418 0.695191
0.444553 0.392454
0.981059 0.357464
0.320147 0.810419
0.399045 0.857407
0.758285 0.0287148
0.437063 0.235023
0.939743 0.348046
0.276292 0.783725
0.416766 0.970797
0.727871 0.973639
0.896195 0.918215
0.162834 0.302803
0.241198 0.958573
0.196748 0.235244
0.407463 0.0741449
0.846717 0.95355
0.347422 0.237005
0.358871 0.701005
0.855203 0.0788667
0.123181 0.728852
0.629244 0.842792
0.143708 0.278061
0.345482 0.379263
0.326044 0.403688
0.694283 0.752282
0.80319 0.225332
0.488984 0.172765
0.302842 0.480587
0.926538 0.251835
0.348858 0.822671
0.723797 0.207806
0.549668 0.519821
0.184431 0.932791
0.533136 0.623687
0.458112 0.840085
0.33852 0.921021
0.0214311 0.712614
0.157821 0.676364
0.121327 0.0478838
0.757818 0.964841
0.724742 0.470782
0.627075 0.0661578
0.664553 0.303758
0.438121 0.153092
0.745262 0.410011
0.394894 0.102717
0.124622 0.60372
0.939508 0.430986
0.0593828 0.890301
0.00968845 0.960334
0.00285872 0.583863
0.110635 0.242226
0.224666 0.527892
0.172935 0.867093
0.579282 0.432195
0.986042 0.557566
0.250136 0.278192
0.968779 0.467725
0.0438594 0.402386
0.960326 0.249215
0.735954 0.501413
0.262697 0.334061
0.859729 0.315767
0.0331648 0.533518
0.63556 0.735256
0.32028 0.331603
0.933599 0.878435
0.161915 0.837886
0.887432 0.032819
0.326966 0.260583
0.862182 0.442643
0.513228 0.153105
0.50832 0.353028
0.346582 0.729704
0.462137 0.669552
0.963271 0.628813
0.904411 0.70844
0.692057 0.206718
0.624831 0.344352
0.534353 0.680337
0.213987 0.790241
0.134696 0.552771
0.864835 0.225465
0.652519 0.00617357
0.297892 0.69603
0.427093 0.000253848
0.0396095 0.369944
0.564286 0.552171
0.28374 0.892604
0.492691 0.0978929
0.142297 0.417735
0.399137 0.0141377
0.899475 0.362724
0.063333 0.667406
0.987004 0.26542
0.73319 0.160874
0.0756251 0.133997
0.271716 0.586072
0.548627 0.742275
0.729688 0.668232
0.366668 0.938321
0.220407 0.997249
0.433209 0.657207
0.98967 0.612156
0.835271 0.586485
0.90137 0.963675
0.683155 0.000201503
0.448225 0.77722
0.644933 0.794384
0.672904 0.511639
0.0315782 0.330248
0.922193 0.793838
0.554309 0.121476
0.0464616 0.505276
0.317889 0.54669
0.819545 0.696526
0.439911 0.0924669
0.834002 0.230315
0.506384 0.384181
0.889306 0.620826
0.855359 0.855417
0.269748 0.617227
0.40223 0.133057
0.5033 0.958364
0.570936 0.820763
0.344108 0.529751
0.546563 0.906529
0.112663 0.574885
0.679985 0.920121
0.270065 0.837076
0.0406553 0.964265
0.133076 0.911435
0.100388 0.0710355
0.293495 0.17734
0.263735 0.396471
0.567673 0.929521
0.928552 0.283306
0.580976 0.157166
0.540736 0.875865
0.244778 0.461905
0.577118 0.896172
0.16105 0.17106
0.31271 0.662427
0.627239 0.493255
0.339927 0.077206
0.939694 0.689283
0.874525 0.255135
0.424366 0.0325175
0.514792 0.0545726
0.436 0.0614988
0.190804 0.892689
0.405301 0.740969
0.251105 0.895917
0.698478 0.668623
0.524872 0.538778
0.304366 0.304749
0.99596 0.988367
0.593994 0.364596
0.657239 0.484642
0.0153754 0.389618
0.921876 0.940142
0.663303 0.194579
0.259878 0.365149
0.18934 0.671489
0.90799 0.115133
0.292315 0.638795
0.38992 0.488364
0.611603 0.270067
0.899407 0.235761
0.421968 0.524142
0.924681 0.381133
0.581296 0.463343
0.419136 0.340736
0.602628 0.951835
0.343798 0.14723
0.639966 0.106067
0.654678 0.399398
0.790968 0.520946
0.402311 0.661642
0.998769 0.417753
0.0269265 0.992299
0.384328 0.390933
0.960977 0.712118
0.641679 0.6407
0.249907 0.81324
0.569699 0.960668
0.927303 0.843786
0.126675 0.759873
0.265972 0.695708
0.0880487 0.340483
0.787562 0.120287
0.0132487 0.0483181
0.0596083 0.205177
0.24045 0.43099
0.881843 0.547204
0.177991 0.753945
0.432747 0.943984
0.243008 0.115223
0.583938 0.111662
0.971676 0.585278
0.953129 0.74233
0.12426 0.790996
0.597704 0.921013
0.877654 0.00317705
0.816399 0.411463
0.203685 0.38181
0.816065 0.133638
0.179463 0.640555
0.906424 0.646928
0.0148938 0.85481
0.0885108 0.0999027
0.611107 0.519975
0.3467 0.57129
0.0571009 0.266562
0.00827947 0.175351
0.84196 0.891506
0.245488 0.0576004
0.44614 0.504391
0.463582 0.11517
0.520526 0.465279
0.938706 0.996455
0.117475 0.436664
0.987759 0.808969
0.469033 0.148761
0.442437 0.26577
0.217548 0.409778
0.0746621 0.397331
0.127698 0.665881
0.785533 0.363473
0.386009 0.716428
0.349738 0.645302
0.0121791 0.355047
0.375471 0.445357
0.669292 0.610784
0.698301 0.0274921
0.906294 0.8207
0.670089 0.653627
0.301802 0.727001
0.242023 0.563049
0.78763 0.0580718
0.811613 0.380619
0.27142 0.427079
0.738095 0.288452
0.564014 0.0161839
0.406192 0.692615
0.523131 0.119995
0.0954559 0.664131
0.653291 0.709524
0.0418067 0.644259
0.865638 0.911844
0.734733 0.0822721
0.825119 0.865226
0.00124251 0.0191321
0.954814 0.556634
0.915548 0.410981
0.823799 0.527737
0.0155301 0.30316
0.344733 0.205905
0.822788 0.0100526
0.759537 0.557175
0.714829 0.837247
0.623231 0.375523
0.314048 0.232166
0.522547 0.0887876
0.213604 0.125704
0.0298487 0.214595
0.010123 0.0909511
0.141503 0.246866
0.483698 0.0518507
0.183855 0.049626
0.378675 0.833236
0.0506702 0.152749
0.928549 0.573548
0.854516 0.81325
0.886141 0.462649
0.313136 0.153078
0.778708 0.180051
0.414234 0.399874
0.335499 0.492684
0.128586 0.389692
0.416567 0.77008
0.373723 0.745124
0.164199 0.909019
0.338811 0.0168255
0.102774 0.814099
0.858402 0.41166
0.697299 0.863072
0.173313 0.709509
0.907569 0.994267
0.666675 0.737721
0.442618 0.3613
0.642313 0.520585
0.184397 0.406354
0.534331 0.370281
0.132676 0.310855
0.228697 0.494811
0.493269 0.667285
0.0638952 0.236096
0.845961 0.504051
0.373459 0.0669422
0.2197 0.156318
0.640783 0.0350951
0.79709 0.921735
0.622461 0.997764
0.572799 0.19671
0.185911 0.610011
0.697857 0.0587007
0.9767 0.879415
0.607511 0.721563
0.326303 0.949747
0.831189 0.438948
0.829018 0.321338
0.399765 0.551255
0.439979 0.884548
0.954866 0.525394
0.707007 0.234116
0.0455821 0.83131
0.440175 0.306071
0.0977913 0.0273774
0.00290789 0.237473
0.575203 0.309796
0.664384 0.859703
0.32817 0.462341
0.674221 0.458455
0.566573 0.344944
0.783788 0.878109
0.875571 0.941645
0.388116 0.983187
0.888416 0.392315
0.0709487 0.971796
0.761571 0.758233
0.22085 0.676427
0.530189 0.246636
0.837292 0.199276
0.775369 0.149018
0.720271 0.915625
0.473019 0.27202
0.203753 0.43778
0.198615 0.503148
0.536581 0.77107
0.488541 0.847039
0.966055 0.126693
0.271771 0.477583
0.0767979 0.831411
0.79778 0.850166
0.974912 0.0961878
0.804642 0.162684
0.244284 0.308854
0.0402007 0.0826028
0.401724 0.428472
0.912359 0.0547217
0.420894 0.574231
0.262454 0.174055
0.944392 0.600443
0.785045 0.0891765
0.633407 0.968534
0.00739085 0.88511
0.958428 0.40616
0.64999 0.222808
0.215962 0.259845
0.990395 0.526656
0.0446257 0.0517032
0.016246 0.665003
0.69627 0.4175
0.71077 0.389861
0.61648 0.807216
0.529697 0.71673
0.457131 0.923281
0.635436 0.314997
0.666473 0.890846
0.424262 0.800332
0.68782 0.325704
0.44661 0.629016
0.112856 0.283177
0.219655 0.820939
0.0691731 0.0709854
0.286948 0.216674
0.602572 0.187342
0.345562 0.43642
0.730701 0.753622
0.697581 0.547992
0.18336 0.461415
0.176938 0.992697
0.0863138 0.434834
0.269736 0.0220009
0.313914 0.200951
0.10442 0.923816
0.597472 0.218135
0.766623 0.85204
0.219328 0.759485
0.366768 0.183796
0.712223 0.610329
0.617961 0.160188
0.850264 0.690995
0.578002 0.63079
0.043577 0.800159
0.070792 0.525938
0.090176 0.895422
0.481915 0.020688
0.77084 0.298928
0.0387463 0.68664
0.421033 0.485845
0.843981 0.107992
0.670497 0.0995812
0.53756 0.812901
0.580374 0.525424
0.872747 0.8814
0.578209 0.732316
0.358078 0.407824
0.756299 0.35254
0.361218 0.473863
0.926082 0.909213
0.837805 0.753542
0.151704 0.937626
0.680413 0.694076
0.0316894 0.904705
0.873395 0.711953
0.928162 0.171485
0.492841 0.542294
0.131102 0.145112
0.59251 0.397653
0.223036 0.871101
0.640333 0.907903
0.639506 0.284052
0.11923 0.339026
0.454053 0.589624
0.592939 0.981505
0.249104 0.145838
0.233633 0.348249
0.654287 0.824162
0.770234 0.497615
0.344547 0.884878
0.708847 0.180408
0.632941 0.551782
0.769348 0.390161
0.216155 0.322386
0.800433 0.444267
0.284705 0.505993
0.292 0.344819
0.987507 0.909289
0.0616692 0.727958
0.201745 0.733691
0.499637 0.28832
0.322356 0.630313
0.244239 0.782542
0.648983 0.763435
0.658402 0.336133
0.923238 0.733337
0.930395 0.76372
0.996289 0.118932
0.324982 0.84278
0.0872299 0.466036
0.314382 0.515672
0.477321 0.501503
0.211179 0.558242
0.0953351 0.614526
0.39088 0.521331
0.953385 0.795008
0.757224 0.618854
0.294963 0.406582
0.887124 0.423878
0.692148 0.805056
0.404722 0.31305
0.255776 0.218314
0.570596 0.0478282
0.199462 0.850637
0.735187 0.943176
0.935268 0.131835
0.697109 0.355501
0.757422 0.103706
0.148586 0.111251
0.76733 0.90463
0.467983 0.0788199
0.0885897 0.997549
0.364251 0.0967683
0.736394 0.859812
0.577023 0.580666
0.289181 0.375907
0.0458327 0.295672
0.573434 0.763162
0.940054 0.312323
0.552221 0.648386
0.537096 0.567498
0.075992 0.495158
0.115473 0.877132
0.558917 0.606091
0.745998 0.828612
0.235827 0.703816
0.948354 0.0274926
0.788258 0.705626
0.224711 0.221369
0.612599 0.893584
0.331456 0.047162
0.726214 0.34423
0.569238 0.084128
0.755941 0.469868
0.183263 0.784714
0.959632 0.280421
0.0200959 0.14646
0.185029 0.324753
0.513225 0.791777
0.874324 0.124357
0.332534 0.291298
0.216557 0.0458765
0.771328 0.677788
0.98418 0.388521
0.487295 0.329959
0.322884 0.750022
0.378552 0.330064
0.791543 0.749523
0.723286 0.807202
0.358473 0.273933
0.971345 0.969173
0.920095 0.201638
0.694578 0.295233
0.426992 0.193688
0.202507 0.350616
0.726857 0.532737
0.757342 0.52604
0.59948 0.833393
0.467773 0.870341
0.071253 0.176216
0.787829 0.611837
0.493276 0.129101
0.852209 0.47222
0.172362 0.358721
0.965495 0.330407
0.44005 0.549585
0.0855046 0.748116
0.265095 0.0818898
0.956756 0.903428
0.261253 0.756369
0.977193 0.178177
0.42759 0.913198
0.316184 0.57786
0.813195 0.980351
0.454221 0.208948
0.0879988 0.55575
0.883645 0.335823
0.800489 0.308678
0.483585 0.59973
0.0123843 0.929235
0.153187 0.776352
0.730149 0.722414
0.612381 0.578161
0.697496 0.894284
0.363908 0.505619
0.636245 0.873209
0.412578 0.829278
0.407851 0.224024
0.361901 0.794311
0.0322089 0.023064
0.0621243 0.322615
0.898399 0.275242
0.704114 0.51136
0.23858 0.734911
0.119698 0.0985908
0.0568399 0.553862
0.479687 0.901705
0.55946 0.257471
0.910647 0.677855
0.863509 0.603253
0.302169 0.969544
0.94336 0.492494
0.506976 0.695328
0.609967 0.0400519
0.13412 0.852097
0.132545 0.521628
0.238295 0.0231314
0.120286 0.21254
0.239531 0.926985
0.521694 0.594647
0.884319 0.0947877
0.794108 0.278125
0.0296159 0.478996
0.74885 0.998963
0.0552845 0.431435
0.99851 0.481603
0.80648 0.194295
0.209361 0.589405
0.494659 0.766685
0.746068 0.229673
0.845884 0.629015
0.209972 0.647167
0.119672 0.994661
